Tavg,DewPoint,WetBulb,Heat,Cool,sunlight,PrecipTotal,StnPressure,ResultSpeed,ResultDir,dew_point_depression,wet_bulb_depression,relative_humidity,NumMosquitos,WnvPresent
74.0,58,65.0,0.0,9.0,14,0.0,29.39,5.8,18,16.0,9.0,57,40.0,0.0
56.0,48,51.0,9.0,0.0,15,0.42,29.1,5.2,5,8.0,5.0,74,127.0,0.0
81.0,69,72.0,0.0,16.0,15,0.16,29.39,6.1,22,12.0,9.0,67,216.0,0.0
63.0,55,59.0,2.0,0.0,15,0.0,29.41,7.6,2,8.0,4.0,75,85.0,0.0
66.0,50,58.0,0.0,1.0,15,0.0,29.49,5.9,14,16.0,8.0,56,240.0,0.0
70.0,51,59.0,0.0,5.0,15,0.0,29.23,8.8,30,19.0,11.0,51,1103.0,0.0
77.0,68,71.0,0.0,12.0,14,1.55,29.11,9.1,24,9.0,6.0,74,853.0,1.0
73.0,63,66.0,0.0,8.0,14,0.16,29.21,7.0,1,10.0,7.0,71,687.0,0.0
78.0,61,67.0,0.0,13.0,14,0.05,29.29,5.8,25,17.0,11.0,56,4069.0,5.0
77.0,68,70.0,0.0,12.0,14,0.17,29.11,3.0,3,9.0,7.0,74,247.0,0.0
81.0,62,69.0,0.0,16.0,14,0.0,29.29,3.5,9,19.0,12.0,53,6904.0,18.0
81.0,66,71.0,0.0,16.0,14,0.0,29.26,5.5,26,15.0,10.0,60,2898.0,3.0
80.0,56,66.0,0.0,15.0,14,0.0,29.31,2.7,3,24.0,14.0,44,204.0,0.0
82.0,73,76.0,0.0,17.0,14,1.31,29.06,6.2,25,9.0,6.0,74,1780.0,12.0
80.0,71,73.0,0.0,15.0,14,0.06,29.13,3.0,3,9.0,7.0,74,4186.0,7.0
78.0,71,73.0,0.0,13.0,14,0.05,29.13,2.5,29,7.0,5.0,79,507.0,1.0
76.0,67,70.0,0.0,11.0,13,0.23,29.17,3.4,7,9.0,6.0,74,4661.0,37.0
71.0,64,67.0,0.0,6.0,13,0.0,29.28,3.6,1,7.0,4.0,79,4555.0,16.0
70.0,54,61.0,0.0,5.0,13,0.0,29.41,5.9,32,16.0,9.0,57,1915.0,7.0
78.0,70,72.0,0.0,13.0,13,0.05,29.21,3.8,18,8.0,6.0,77,1667.0,32.0
80.0,71,73.0,0.0,15.0,13,0.37,29.23,5.3,21,9.0,7.0,74,4512.0,33.0
75.0,67,69.0,0.0,10.0,13,0.24,29.11,5.8,25,8.0,6.0,76,1478.0,25.0
79.0,66,70.0,0.0,14.0,13,0.0,29.28,9.0,20,13.0,9.0,65,4748.0,9.0
76.0,60,66.0,0.0,11.0,13,0.0,29.28,2.8,22,16.0,10.0,58,524.0,8.0
78.0,63,69.0,0.0,13.0,13,0.05,29.24,6.4,19,15.0,9.0,60,2021.0,10.0
78.0,67,70.0,0.0,13.0,12,0.18,29.21,11.9,20,11.0,8.0,69,1511.0,2.0
57.0,42,49.0,8.0,0.0,12,0.0,29.4,1.8,3,15.0,8.0,57,1193.0,5.0
76.0,58,65.0,0.0,11.0,12,0.0,29.34,12.9,19,18.0,11.0,54,392.0,0.0
75.0,59,65.0,0.0,10.0,12,0.0,29.41,5.0,26,16.0,10.0,58,1756.0,1.0
79.0,63,68.0,0.0,14.0,12,0.0,29.27,11.4,19,16.0,11.0,58,1570.0,2.0
74.0,65,69.0,0.0,9.0,12,0.27,29.23,7.9,23,9.0,5.0,74,333.0,0.0
67.0,56,61.0,0.0,2.0,11,0.0,29.34,3.9,17,11.0,6.0,68,1373.0,2.0
63.0,44,53.0,2.0,0.0,11,0.0,29.21,11.5,28,19.0,10.0,50,333.0,0.0
58.0,51,54.0,7.0,0.0,14,0.0,29.06,6.8,30,7.0,4.0,77,190.0,0.0
54.0,46,50.0,11.0,0.0,15,0.12,29.36,7.4,3,8.0,4.0,74,663.0,0.0
52.0,39,46.0,13.0,0.0,15,0.0,29.42,10.5,4,13.0,6.0,61,348.0,0.0
62.0,44,54.0,3.0,0.0,15,0.0,29.18,5.8,26,18.0,8.0,52,257.0,0.0
62.0,49,55.0,3.0,0.0,15,0.05,29.24,4.4,7,13.0,7.0,62,1204.0,0.0
67.0,49,58.0,0.0,2.0,15,0.0,29.28,5.5,9,18.0,9.0,52,345.0,0.0
76.0,67,69.0,0.0,11.0,15,3.97,28.97,7.2,18,9.0,7.0,74,701.0,0.0
79.0,67,71.0,0.0,14.0,15,0.09,29.09,4.0,11,12.0,8.0,67,2171.0,0.0
78.0,60,60.0,0.0,13.0,15,0.0,29.26,6.4,4,18.0,18.0,54,798.0,0.0
70.0,54,61.0,0.0,5.0,15,0.0,28.89,12.2,30,16.0,9.0,57,903.0,0.0
73.0,54,62.0,0.0,8.0,15,0.0,29.14,7.5,31,19.0,11.0,51,719.0,0.0
73.0,64,67.0,0.0,8.0,15,0.08,29.34,4.4,21,9.0,6.0,73,996.0,0.0
70.0,46,57.0,0.0,5.0,14,0.0,29.36,4.8,7,24.0,13.0,42,1369.0,0.0
64.0,51,56.0,1.0,0.0,14,0.0,29.15,10.6,30,13.0,8.0,63,1893.0,0.0
72.0,59,64.0,0.0,7.0,14,0.14,29.08,8.9,23,13.0,8.0,64,1215.0,2.0
74.0,61,66.0,0.0,9.0,14,0.02,29.13,9.3,23,13.0,8.0,64,1482.0,2.0
70.0,54,61.0,0.0,5.0,14,0.0,29.23,6.2,26,16.0,9.0,57,1159.0,1.0
69.0,59,63.0,0.0,4.0,14,0.33,29.36,7.3,15,10.0,6.0,71,878.0,0.0
73.0,55,63.0,0.0,8.0,13,0.0,29.38,1.5,14,18.0,10.0,53,602.0,2.0
71.0,61,65.0,0.0,6.0,13,0.0,29.33,9.1,21,10.0,6.0,71,691.0,7.0
64.0,60,61.0,1.0,0.0,13,0.95,29.36,9.1,7,4.0,3.0,87,175.0,0.0
66.0,54,59.0,0.0,1.0,13,0.0,29.42,4.7,5,12.0,7.0,65,129.0,1.0
71.0,55,61.0,0.0,6.0,12,0.0,29.34,0.1,33,16.0,10.0,57,563.0,3.0
61.0,52,56.0,4.0,0.0,12,0.0,29.45,3.4,5,9.0,5.0,72,743.0,0.0
65.0,57,60.0,0.0,0.0,12,0.16,29.39,5.4,11,8.0,5.0,75,702.0,1.0
50.0,46,49.0,15.0,0.0,11,0.89,29.13,9.1,13,4.0,1.0,86,212.0,0.0
60.0,56,57.0,5.0,0.0,15,0.52,29.21,6.4,3,4.0,3.0,87,429.0,0.0
71.0,60,64.0,0.0,6.0,15,0.0,29.13,5.8,6,11.0,7.0,68,830.0,0.0
64.0,56,59.0,1.0,0.0,15,0.0,29.08,9.4,29,8.0,5.0,75,846.0,0.0
74.0,62,67.0,0.0,9.0,15,0.05,29.28,8.2,17,12.0,7.0,66,1944.0,0.0
80.0,71,74.0,0.0,15.0,15,0.39,29.12,5.5,25,9.0,6.0,74,2091.0,0.0
79.0,60,66.0,0.0,14.0,14,0.05,29.27,5.4,9,19.0,13.0,52,2497.0,0.0
81.0,66,71.0,0.0,16.0,14,0.0,29.2,3.4,32,15.0,10.0,60,2449.0,3.0
79.0,67,71.0,0.0,14.0,14,0.7,29.28,4.3,4,12.0,8.0,67,1408.0,8.0
76.0,68,71.0,0.0,11.0,14,0.05,29.21,4.0,5,8.0,5.0,76,1065.0,5.0
71.0,59,64.0,0.0,6.0,14,0.0,29.22,8.3,19,12.0,7.0,66,824.0,11.0
76.0,63,68.0,0.0,11.0,13,0.0,29.18,3.3,14,13.0,8.0,64,589.0,4.0
71.0,58,63.0,0.0,6.0,13,0.0,29.26,1.9,26,13.0,8.0,64,490.0,4.0
82.0,71,75.0,0.0,17.0,13,0.0,29.2,5.2,21,11.0,7.0,69,319.0,4.0
84.0,69,74.0,0.0,19.0,13,0.0,29.18,4.9,22,15.0,10.0,61,551.0,3.0
75.0,59,65.0,0.0,10.0,12,0.0,29.18,10.5,23,16.0,10.0,58,734.0,6.0
52.0,40,47.0,13.0,0.0,12,0.0,29.59,1.4,8,12.0,5.0,63,821.0,3.0
55.0,44,49.0,10.0,0.0,12,0.0,29.33,5.9,36,11.0,6.0,66,728.0,6.0
51.0,41,47.0,14.0,0.0,11,0.09,29.32,14.6,34,10.0,4.0,68,184.0,0.0
60.0,45,52.0,5.0,0.0,15,0.05,29.2,9.5,3,15.0,8.0,58,360.0,0.0
67.0,51,57.0,0.0,2.0,15,0.0,29.34,6.6,6,16.0,10.0,56,1670.0,0.0
75.0,65,68.0,0.0,10.0,15,0.79,29.34,7.4,19,10.0,7.0,71,1319.0,0.0
77.0,67,70.0,0.0,12.0,15,0.92,29.01,7.2,29,10.0,7.0,71,439.0,0.0
75.0,61,66.0,0.0,10.0,15,0.05,28.91,10.5,31,14.0,9.0,62,923.0,1.0
78.0,71,74.0,0.0,13.0,15,0.5,29.24,7.8,23,7.0,4.0,79,1833.0,0.0
71.0,53,61.0,0.0,6.0,15,0.0,29.38,4.0,8,18.0,10.0,53,4796.0,7.0
84.0,70,75.0,0.0,19.0,14,0.58,29.1,13.3,25,14.0,9.0,63,4168.0,15.0
69.0,54,61.0,0.0,4.0,14,0.0,29.33,4.1,23,15.0,8.0,59,1974.0,2.0
71.0,57,62.0,0.0,6.0,14,0.0,29.23,7.6,30,14.0,9.0,61,2865.0,22.0
72.0,56,62.0,0.0,7.0,14,0.0,29.26,8.6,5,16.0,10.0,57,3188.0,34.0
65.0,53,58.0,0.0,0.0,13,0.0,29.4,4.2,24,12.0,7.0,65,1946.0,20.0
73.0,67,69.0,0.0,8.0,13,0.23,29.36,1.5,23,6.0,4.0,82,2063.0,30.0
78.0,64,69.0,0.0,13.0,13,0.0,29.29,3.9,10,14.0,9.0,62,2645.0,38.0
72.0,58,64.0,0.0,7.0,12,0.0,29.38,4.7,20,14.0,8.0,61,2510.0,32.0
72.0,59,64.0,0.0,7.0,12,0.05,29.28,7.0,35,13.0,8.0,64,2210.0,23.0
77.0,68,70.0,0.0,12.0,12,0.84,29.14,8.3,16,9.0,7.0,74,1030.0,11.0
63.0,52,58.0,2.0,0.0,11,0.0,29.34,3.8,8,11.0,5.0,67,505.0,4.0
